15
0 1
1 2
2 5
2 4
2 3
5 14
4 13
3 12
3 11
3 10
3 9
3 8
3 7
3 6

50
0 1
1 3
1 2
3 5
2 4
5 9
4 8
4 7
4 6
9 21
8 20
7 19
6 18
6 17
6 16
6 15
6 14
6 13
6 12
6 11
6 10
21 49
20 48
19 47
18 46
17 45
16 44
15 43
14 42
13 41
12 40
11 39
10 38
10 37
10 36
10 35
10 34
10 33
10 32
10 31
10 30
10 29
10 28
10 27
10 26
10 25
10 24
10 23
10 22

100
0 1
1 2
2 3
3 7
3 6
3 5
3 4
7 18
6 17
5 16
4 15
4 14
4 13
4 12
4 11
4 10
4 9
4 8
18 40
17 39
16 38
15 37
14 36
13 35
12 34
11 33
10 32
9 31
8 30
8 29
8 28
8 27
8 26
8 25
8 24
8 23
8 22
8 21
8 20
8 19
40 99
39 98
38 97
37 96
36 95
35 94
34 93
33 92
32 91
31 90
30 89
29 88
28 87
27 86
26 85
25 84
24 83
23 82
22 81
21 80
20 79
19 78
19 77
19 76
19 75
19 74
19 73
19 72
19 71
19 70
19 69
19 68
19 67
19 66
19 65
19 64
19 63
19 62
19 61
19 60
19 59
19 58
19 57
19 56
19 55
19 54
19 53
19 52
19 51
19 50
19 49
19 48
19 47
19 46
19 45
19 44
19 43
19 42
19 41

