57 1 58 1 
56 1 55 1 
59 1 60 1 
58 1 59 1 
56 1 57 1 
55 1 54 1 
54 1 53 1 
44 1 45 1 
57 1 56 1 
55 1 56 1 
2 3 2 4 
4 3 3 3 
2 4 2 5 
2 2 2 3 
4 5 3 5 
5 3 5 4 
5 2 5 3 
4 1 5 1 
3 5 2 5 
3 3 4 3 
5 2 6 2 
7 3 6 3 
6 7 6 8 
4 3 5 3 
9 3 8 3 
8 5 8 6 
8 4 8 5 
8 3 8 4 
8 3 7 3 
7 1 8 1 
6 8 6 9 
6 6 6 7 
6 5 7 5 
6 5 5 5 
6 4 6 5 
6 3 6 4 
6 1 7 1 
5 5 4 5 
5 3 6 3 
3 5 4 5 
9 9 10 9 
8 7 8 8 
8 6 8 7 
7 7 6 7 
7 5 6 5 
7 3 8 3 
6 8 5 8 
6 7 5 7 
6 5 6 6 
6 4 5 4 
6 3 7 3 
6 3 5 3 
5 5 6 5 
4 7 4 8 
4 5 5 5 
4 5 3 5 
4 4 3 4 
3 4 2 4 
3 3 4 3 
1 6 1 7 
1 5 1 6 
1 4 1 5 
10 5 9 5 
9 5 8 5 
9 2 8 2 
9 1 10 1 
8 9 9 9 
8 8 8 9 
8 7 9 7 
8 5 9 5 
8 2 8 3 
85 87 86 87 
84 87 85 87 
83 87 84 87 
82 87 83 87 
81 87 82 87 
80 87 81 87 
79 87 80 87 
78 87 79 87 
77 87 78 87 
77 67 77 68 
97 51 97 52 
97 50 97 51 
74 93 75 93 
73 93 74 93 
60 93 61 93 
59 93 60 93 
58 93 59 93 
46 91 47 91 
45 91 46 91 
44 91 45 91 
63 86 62 86 
62 86 61 86 
62 7 63 7 
61 86 60 86 
60 86 59 86 
59 86 58 86 
58 86 57 86 
57 86 56 86 
56 86 55 86 
55 86 54 86 
54 86 53 86 
94 54 94 55 
94 53 94 54 
94 52 94 53 
94 51 94 52 
82 30 81 30 
81 30 80 30 
80 30 79 30 
79 30 78 30 
78 30 77 30 
77 50 78 50 
76 50 77 50 
75 50 76 50 
74 50 75 50 
73 50 74 50 
72 50 73 50 
66 86 65 86 
65 86 64 86 
64 86 63 86 
63 7 64 7 
62 50 63 50 
61 50 62 50 
61 7 62 7 
60 50 61 50 
60 7 61 7 
59 7 60 7 
58 7 59 7 
57 7 58 7 
56 7 57 7 
55 32 55 33 
55 31 55 32 
55 7 56 7 
53 86 52 86 
52 86 51 86 
51 86 50 86 
50 86 49 86 
50 21 49 21 
49 86 48 86 
49 21 48 21 
48 86 47 86 
48 21 47 21 
47 88 48 88 
47 86 46 86 
47 64 47 65 
47 63 47 64 
47 62 47 63 
47 61 47 62 
47 60 47 61 
47 59 47 60 
47 58 47 59 
47 21 46 21 
46 88 47 88 
46 86 45 86 
46 21 45 21 
45 86 44 86 
45 21 44 21 
44 86 43 86 
44 75 43 75 
44 21 43 21 
43 75 42 75 
43 21 42 21 
42 75 41 75 
42 21 41 21 
41 75 40 75 
41 21 40 21 
40 21 39 21 
39 21 38 21 
38 21 37 21 
37 21 36 21 
34 13 33 13 
33 13 32 13 
5 32 5 33 
94 70 94 71 
94 69 94 70 
94 68 94 69 
94 67 94 68 
94 60 94 61 
94 56 94 57 
94 55 94 56 
94 50 94 51 
94 49 94 50 
94 27 94 28 
86 30 85 30 
85 30 84 30 
84 30 83 30 
83 30 82 30 
82 70 82 71 
82 69 82 70 
82 68 82 69 
82 67 82 68 
